3826199
3823932
3823985
3824303
3547349
876530
3400140
3832393
3833577
3831432
3826843
3831345
3648681
3295500
3353057
3353035
3353000
3559522
3813932
3485343
3766455
3780277
3789570
3628961
3764217
3637898
3630605
3780695
3581911
3702072
3632577
3713965
3779690
3738727
3588801
3800870
3809407
3641229
3621606
3827674
3775702
3633146
3473145
3577216
3816840
3838601
3638909
3761342
3812439
3815767
3553340
3606773
3723248
3644182
3878586
3911605
3514640
3478646
3911968
3687543
3917775
3699522
3698862
3693636
3700036
3723315
3782701
2551512
3923212
3265780
3930957
3837634
3829030
3920276
3938185
3938220
3799010
3686259
3620006
3601469
3852135
3872858
3819475
3686283
3679471
3619409
3648638
3515557
3952619
3696266
3727743
3963494
3963725
3889473
3963330
3966955
3527788
3689633
3955945
3968729
3968431
3729501
3778282
3970639
3970650
3564941
3857258
3795657
3795900
3833629
3846922
3972316
3971496
3972196
3909372
3931777
3931771
3973228
3973169
3869124
3973127
3971585
3973158
3973093
3483708
1534465
3858504
3861550
3887969
3916059
3973098
3969820
3822248
3972385
3923520
3969255
3969300
3969368
3973090
3972395
3769676
3825141
3898281
3521434
3617729
3513471
3507273
3521639
3521646
3534050
3828431
3876430
3909248
3897588
3889667
3973213
3973219
3972293
3971706
3973121
3897914
3973194
3971518
3973111
3993850
3993973
3973143
3788482
3930102
